-3.136482745044820008e-03
8.460723686319133324e-03
1.543107074682172411e-02
2.670435396195819724e-02
4.093852317618415504e-02
5.686282046533322476e-02
7.283406594084577967e-02
8.703846040095236658e-02
9.769933412613626689e-02
1.034183397063312276e-01
1.034183397063312276e-01
9.769933412613626689e-02
8.703846040095236658e-02
7.283406594084577967e-02
5.686282046533322476e-02
4.093852317618415504e-02
2.670435396195819724e-02
1.543107074682172411e-02
8.460723686319133324e-03
-3.136482745044820008e-03
